1 0.019625445381424193 0.9731780483500971 0.6731535590852686 0.9823846902885727 0.5902593965060879 3.874452872064694 negatif
2 0.06453190605765438 0.3409211222869241 0.8238296906904639 0.9800471297369614 0.23186871360508193 2.9124529307706393 negatif
3 0.08358381683959734 0.9324157402505737 0.7265994857445361 0.9407997077534245 0.49585318510675847 2.946748689364191 positif
4 0.0329361561859983 0.5101464619728251 0.739461124135555 0.98005446502179 0.4021528145403209 3.4366676580354216 positif
5 0.035853743726157655 1.0464090347626613 0.6873007470148811 0.9788643268968069 0.591847538380095 3.6659492042726063 positif
6 0.04310122323636242 2.259925886712545 0.6421411485598884 0.9615379123809716 0.8397741309334742 3.7608438788460568 positif
7 0.05315437957764693 0.544556202576319 0.7599221054223703 0.9827487501783388 0.3730368801835186 3.2343440814082127 positif
8 0.04440647451716239 3.375154402682197 0.6002320018863163 0.8618779230728736 1.0716428445385566 3.726207045753817 positif
9 0.06259338515793153 1.7943512797881733 0.6977052074139451 0.9466279410440935 0.6691968225948804 3.409375686600449 positif
10 0.030938391224083032 0.9991176989588848 0.723553446435924 0.9795341931527061 0.5099700017646019 3.698173286462715 positif
11 0.052037825819668856 0.7698958884771488 0.7460991854056968 0.9417606709910832 0.4261514028586553 3.0733952229695536 positif
12 0.18111104167291378 1.2334568554790895 0.7460990389921041 0.9240200797865319 0.5039703546850185 2.344709585929368 positif
